
 max begin: 0
p = 1
dp
-2139062143 -7 2139062143 2139062143 2139062143 2139062143 2139062143 2139062143 2139062143 2139062143 
dpos
0 1 0 0 0 0 0 0 0 0 
pre
0 0 0 0 0 0 0 0 0 0 
max end: 1

 max begin: 1
p = 2
dp
-2139062143 -7 10 2139062143 2139062143 2139062143 2139062143 2139062143 2139062143 2139062143 
dpos
0 1 2 0 0 0 0 0 0 0 
pre
0 0 1 0 0 0 0 0 0 0 
max end: 2

 max begin: 2
p = 2
dp
-2139062143 -7 9 2139062143 2139062143 2139062143 2139062143 2139062143 2139062143 2139062143 
dpos
0 1 3 0 0 0 0 0 0 0 
pre
0 0 1 1 0 0 0 0 0 0 
max end: 2

 max begin: 2
p = 2
dp
-2139062143 -7 2 2139062143 2139062143 2139062143 2139062143 2139062143 2139062143 2139062143 
dpos
0 1 4 0 0 0 0 0 0 0 
pre
0 0 1 1 1 0 0 0 0 0 
max end: 2

 max begin: 2
p = 3
dp
-2139062143 -7 2 3 2139062143 2139062143 2139062143 2139062143 2139062143 2139062143 
dpos
0 1 4 5 0 0 0 0 0 0 
pre
0 0 1 1 1 4 0 0 0 0 
max end: 3

 max begin: 3
p = 4
dp
-2139062143 -7 2 3 8 2139062143 2139062143 2139062143 2139062143 2139062143 
dpos
0 1 4 5 6 0 0 0 0 0 
pre
0 0 1 1 1 4 5 0 0 0 
max end: 4

 max begin: 4
p = 4
dp
-2139062143 -7 2 3 8 2139062143 2139062143 2139062143 2139062143 2139062143 
dpos
0 1 4 5 7 0 0 0 0 0 
pre
0 0 1 1 1 4 5 5 0 0 
max end: 4

 max begin: 4
p = 4
dp
-2139062143 -7 2 3 6 2139062143 2139062143 2139062143 2139062143 2139062143 
dpos
0 1 4 5 8 0 0 0 0 0 
pre
0 0 1 1 1 4 5 5 5 0 
max end: 4
4
-
-7
2
3
8
